60	0
200	0
230	0
231	0
232	0
233	0
234	0
235	0
236	0
237	0
238	0
239	0
240	0
241	4.91E-04
242	9.82E-04
243	1.47E-03
244	1.96E-03
245	2.45E-03
246	2.95E-03
247	3.44E-03
248	3.93E-03
249	4.42E-03
250	4.91E-03
251	5.51E-03
252	6.11E-03
253	6.71E-03
254	7.31E-03
255	7.92E-03
256	8.52E-03
257	9.12E-03
258	9.72E-03
259	1.03E-02
260	1.09E-02
261	1.27E-02
262	1.45E-02
263	1.62E-02
264	1.80E-02
265	1.98E-02
266	2.15E-02
267	2.33E-02
268	2.51E-02
269	2.68E-02
270	2.86E-02
271	3.17E-02
272	3.48E-02
273	3.79E-02
274	4.10E-02
275	4.41E-02
276	4.72E-02
277	5.03E-02
278	5.33E-02
279	5.64E-02
280	5.95E-02
281	6.30E-02
282	6.64E-02
283	6.98E-02
284	7.32E-02
285	7.66E-02
286	8.00E-02
287	8.34E-02
288	8.69E-02
289	9.03E-02
290	9.37E-02
291	9.68E-02
292	9.99E-02
293	0.103
294	0.1061
295	0.1092
296	0.1123
297	0.1154
298	0.1185
299	0.1217
300	0.1248
301	0.1275
302	0.1302
303	0.133
304	0.1357
305	0.1385
306	0.1412
307	0.1439
308	0.1467
309	0.1494
310	0.1522
311	0.1541
312	0.1561
313	0.158
314	0.16
315	0.1619
316	0.1639
317	0.1658
318	0.1678
319	0.1697
320	0.1717
321	0.1725
322	0.1734
323	0.1742
324	0.1751
325	0.1759
326	0.1767
327	0.1776
328	0.1784
329	0.1793
330	0.1801
331	0.181
332	0.1819
333	0.1827
334	0.1836
335	0.1844
336	0.1853
337	0.1862
338	0.187
339	0.1879
340	0.1888
341	0.189
342	0.1893
343	0.1896
344	0.1898
345	0.1901
346	0.1903
347	0.1906
348	0.1909
349	0.1911
350	0.1914
351	0.1917
352	0.1921
353	0.1924
354	0.1928
355	0.1931
356	0.1935
357	0.1938
358	0.1942
359	0.1945
360	0.1949
361	0.1952
362	0.1954
363	0.1957
364	0.196
365	0.1963
366	0.1966
367	0.1969
368	0.1972
369	0.1975
370	0.1978
371	0.1978
372	0.1978
373	0.1978
374	0.1979
375	0.1979
376	0.1979
377	0.1979
378	0.198
379	0.198
380	0.198
381	0.1983
382	0.1985
383	0.1988
384	0.199
385	0.1993
386	0.1996
387	0.1998
388	0.2001
389	0.2003
390	0.2006
391	0.2008
392	0.201
393	0.2013
394	0.2015
395	0.2017
396	0.2019
397	0.2022
398	0.2024
399	0.2026
400	0.2029
401	0.2033
402	0.2038
403	0.2042
404	0.2047
405	0.2052
406	0.2056
407	0.2061
408	0.2065
409	0.207
410	0.2075
411	0.2078
412	0.2082
413	0.2085
414	0.2089
415	0.2092
416	0.2096
417	0.2099
418	0.2103
419	0.2106
420	0.211
421	0.2113
422	0.2116
423	0.2119
424	0.2123
425	0.2126
426	0.2129
427	0.2132
428	0.2135
429	0.2139
430	0.2142
431	0.2142
432	0.2143
433	0.2144
434	0.2144
435	0.2145
436	0.2146
437	0.2146
438	0.2147
439	0.2148
440	0.2148
441	0.2147
442	0.2145
443	0.2144
444	0.2142
445	0.2141
446	0.2139
447	0.2138
448	0.2136
449	0.2135
450	0.2133
451	0.2131
452	0.2128
453	0.2126
454	0.2124
455	0.2121
456	0.2119
457	0.2117
458	0.2114
459	0.2112
460	0.211
461	0.2103
462	0.2097
463	0.209
464	0.2084
465	0.2077
466	0.2071
467	0.2064
468	0.2058
469	0.2051
470	0.2045
471	0.2038
472	0.2032
473	0.2025
474	0.2018
475	0.2012
476	0.2005
477	0.1999
478	0.1992
479	0.1986
480	0.1979
481	0.1975
482	0.1971
483	0.1967
484	0.1962
485	0.1958
486	0.1954
487	0.195
488	0.1946
489	0.1941
490	0.1937
491	0.1933
492	0.1929
493	0.1925
494	0.1921
495	0.1917
496	0.1913
497	0.1908
498	0.1904
499	0.19
500	0.1896
501	0.1892
502	0.1887
503	0.1883
504	0.1879
505	0.1874
506	0.187
507	0.1866
508	0.1861
509	0.1857
510	0.1852
511	0.1835
512	0.1818
513	0.1801
514	0.1784
515	0.1766
516	0.1749
517	0.1732
518	0.1715
519	0.1698
520	0.1681
521	0.1651
522	0.1622
523	0.1593
524	0.1564
525	0.1535
526	0.1506
527	0.1477
528	0.1448
529	0.1419
530	0.139
531	0.1366
532	0.1342
533	0.1318
534	0.1294
535	0.127
536	0.1246
537	0.1222
538	0.1198
539	0.1174
540	0.115
541	0.1143
542	0.1136
543	0.1129
544	0.1122
545	0.1115
546	0.1107
547	0.11
548	0.1093
549	0.1086
550	0.1079
551	0.1062
552	0.1046
553	0.1029
554	0.1013
555	9.97E-02
556	9.80E-02
557	9.64E-02
558	9.47E-02
559	9.31E-02
560	9.14E-02
561	9.06E-02
562	8.98E-02
563	8.90E-02
564	8.81E-02
565	8.73E-02
566	8.65E-02
567	8.56E-02
568	8.48E-02
569	8.40E-02
570	8.32E-02
571	8.22E-02
572	8.13E-02
573	8.04E-02
574	7.95E-02
575	7.86E-02
576	7.77E-02
577	7.68E-02
578	7.59E-02
579	7.50E-02
580	7.40E-02
581	7.30E-02
582	7.19E-02
583	7.08E-02
584	6.98E-02
585	6.87E-02
586	6.76E-02
587	6.66E-02
588	6.55E-02
589	6.44E-02
590	6.33E-02
591	6.22E-02
592	6.11E-02
593	6.00E-02
594	5.89E-02
595	5.78E-02
596	5.66E-02
597	5.55E-02
598	5.44E-02
599	5.33E-02
600	5.22E-02
601	5.09E-02
602	4.97E-02
603	4.84E-02
604	4.72E-02
605	4.59E-02
606	4.47E-02
607	4.35E-02
608	4.22E-02
609	4.10E-02
610	3.97E-02
611	3.88E-02
612	3.80E-02
613	3.71E-02
614	3.62E-02
615	3.53E-02
616	3.44E-02
617	3.35E-02
618	3.26E-02
619	3.18E-02
620	3.09E-02
621	3.00E-02
622	2.91E-02
623	2.82E-02
624	2.72E-02
625	2.63E-02
626	2.54E-02
627	2.45E-02
628	2.36E-02
629	2.27E-02
630	2.18E-02
631	2.11E-02
632	2.04E-02
633	1.97E-02
634	1.90E-02
635	1.83E-02
636	1.76E-02
637	1.68E-02
638	1.61E-02
639	1.54E-02
640	1.47E-02
641	1.41E-02
642	1.35E-02
643	1.29E-02
644	1.23E-02
645	1.18E-02
646	1.12E-02
647	1.06E-02
648	9.97E-03
649	9.37E-03
650	8.78E-03
651	8.42E-03
652	8.05E-03
653	7.69E-03
654	7.32E-03
655	6.96E-03
656	6.59E-03
657	6.23E-03
658	5.87E-03
659	5.50E-03
660	5.14E-03
661	4.90E-03
662	4.66E-03
663	4.43E-03
664	4.19E-03
665	3.96E-03
666	3.72E-03
667	3.48E-03
668	3.25E-03
669	3.01E-03
670	2.77E-03
671	2.65E-03
672	2.53E-03
673	2.40E-03
674	2.28E-03
675	2.16E-03
676	2.03E-03
677	1.91E-03
678	1.79E-03
679	1.67E-03
680	1.54E-03
681	1.46E-03
682	1.38E-03
683	1.30E-03
684	1.21E-03
685	1.13E-03
686	1.05E-03
687	9.67E-04
688	8.84E-04
689	8.02E-04
690	7.20E-04
691	6.94E-04
692	6.69E-04
693	6.43E-04
694	6.17E-04
695	5.91E-04
696	5.66E-04
697	5.40E-04
698	5.14E-04
699	4.88E-04
700	4.63E-04
800	0

